0: (1.5, 6.14)
1: (2.0, 5.0)
2: (4.5, 2.14)
3: (1.5, 8.86)
4: (2.14, 10.5)
5: (4.86, 10.5)
6: (4.0, 4.0)
7: (4.0, 10.0)
8: (2.0, 4.0)
9: (2.0, 7.0)
10: (3.0, 11.0)
11: (4.0, 3.0)
12: (1.0, 8.0)
13: (3.0, 10.0)
14: (1.0, 7.0)
15: (5.0, 3.0)
16: (4.0, 11.0)
17: (3.0, 5.0)
18: (2.0, 8.0)
0.00 1.24 0.00 2.73 4.41 0.00 3.29 0.00 2.19 1.00 0.00 0.00 1.93 0.00 1.00 0.00 0.00 1.88 1.93
1.24 0.00 0.00 3.90 0.00 0.00 2.24 0.00 1.00 2.00 0.00 0.00 3.16 0.00 2.24 0.00 0.00 1.00 3.00
0.00 0.00 0.00 0.00 0.00 0.00 1.93 0.00 0.00 0.00 0.00 1.00 0.00 0.00 0.00 1.00 0.00 0.00 0.00
2.73 3.90 0.00 0.00 1.75 0.00 0.00 0.00 4.89 1.93 2.61 0.00 1.00 1.88 1.93 0.00 3.29 0.00 1.00
4.41 0.00 0.00 1.75 0.00 2.73 0.00 1.93 0.00 0.00 1.00 0.00 2.75 1.00 3.68 0.00 1.93 0.00 2.50
0.00 0.00 0.00 0.00 2.73 0.00 0.00 1.00 0.00 0.00 1.93 0.00 0.00 1.93 0.00 0.00 1.00 0.00 0.00
3.29 2.24 1.93 0.00 0.00 0.00 0.00 0.00 0.00 0.00 0.00 0.00 0.00 0.00 4.24 1.41 0.00 1.41 0.00
0.00 0.00 0.00 0.00 1.93 1.00 0.00 0.00 0.00 0.00 1.41 0.00 0.00 0.00 0.00 0.00 1.00 0.00 0.00
2.19 1.00 0.00 4.89 0.00 0.00 0.00 0.00 0.00 3.00 0.00 0.00 4.12 0.00 3.16 0.00 0.00 1.41 4.00
1.00 2.00 0.00 1.93 0.00 0.00 0.00 0.00 3.00 0.00 0.00 0.00 1.41 0.00 1.00 0.00 0.00 2.24 0.00
0.00 0.00 0.00 2.61 1.00 1.93 0.00 1.41 0.00 0.00 0.00 0.00 3.61 1.00 4.47 0.00 0.00 0.00 3.16
0.00 0.00 1.00 0.00 0.00 0.00 0.00 0.00 0.00 0.00 0.00 0.00 0.00 0.00 0.00 1.00 0.00 0.00 0.00
1.93 3.16 0.00 1.00 2.75 0.00 0.00 0.00 4.12 1.41 3.61 0.00 0.00 2.83 0.00 0.00 4.24 3.61 1.00
0.00 0.00 0.00 1.88 1.00 1.93 0.00 0.00 0.00 0.00 1.00 0.00 2.83 0.00 3.61 0.00 1.41 0.00 2.24
1.00 2.24 0.00 1.93 3.68 0.00 4.24 0.00 3.16 1.00 4.47 0.00 0.00 3.61 0.00 5.66 0.00 2.83 1.41
0.00 0.00 1.00 0.00 0.00 0.00 1.41 0.00 0.00 0.00 0.00 1.00 0.00 0.00 5.66 0.00 0.00 2.83 0.00
0.00 0.00 0.00 3.29 1.93 1.00 0.00 1.00 0.00 0.00 0.00 0.00 4.24 1.41 0.00 0.00 0.00 0.00 0.00
1.88 1.00 0.00 0.00 0.00 0.00 1.41 0.00 1.41 2.24 0.00 0.00 3.61 0.00 2.83 2.83 0.00 0.00 0.00
1.93 3.00 0.00 1.00 2.50 0.00 0.00 0.00 4.00 0.00 3.16 0.00 1.00 2.24 1.41 0.00 0.00 0.00 0.00
[0, 1, 6, 2, 6, 17, 9, 3, 4, 5, 13, 18, 0]